c1	c2	c3	c4	c5	c6
2.426552129	-149.7531162	18.37042874	-11.50504396	-0.301334333	0.398247647
-0.011060176	-25.28772307	37.36469788	-26.9957203	-0.232047229	0.26260554
-0.130743368	-255.1812759	54.60498432	-26.9105089	-0.103347157	3.362643935
0.215918563	-276.9305085	14.4939913	-68.44989721	-0.191882408	0.437168263
0.527649809	-851.9787515	43.44782782	-51.99194379	-0.185602337	0.577738851
-0.47557108	-285.4460919	0.990590424	-48.95084585	-0.09856883	0.617102904
0.223640155	-105.9253572	39.4963041	-12.04215225	-0.156672315	0.765920545
0.84460003	-54.77826615	16.82208836	-65.10694625	-0.830002054	0.553569693
-0.560742233	-227.3836778	6.792690185	-7.690202709	-0.340200687	0.340495776
0.518172456	-524.1661573	9.191017526	-20.49422794	-0.272999223	0.848947674
-0.278682844	-169.9100667	68.92741015	-35.18413184	-0.11531039	0.591802324
3.97933691	-47.04446089	28.34101506	-50.96978891	-0.164488794	0.413025107
0.403599654	-350.1579124	51.6515796	-18.60164874	-0.161230138	0.407721194
0.002366286	-104.8336412	17.99751541	-8.99651017	-0.187545193	0.266781805
0.098621712	-208.1735941	22.76592045	-41.40397031	-0.300077126	0.588256587
3.577989232	-197.4902061	41.5366206	-18.81456132	-0.096518208	0.548405781
1.569403725	-266.1664852	0.021395728	-0.20518643	-0.153998934	4.587656244
-0.210832401	-1048.629562	0.268866559	-36.08361743	1.111294512	0.301930956
0.413839366	-388.7041806	1.732919495	-4.923536173	-0.140764424	0.366187647
-0.560821474	-169.7651631	42.24576012	-103.893965	-0.279202815	0.334187322
2.594712646	-114.6101568	44.9901032	-12.19046958	-0.556628958	0.999500304
-0.130308382	-179.2320244	47.34345276	-4.073805896	-0.230092656	0.283791969
-0.592183852	-93.66623764	0.206823415	-83.62389222	-0.520294976	0.765409127
0.552071144	-227.4350399	23.81544376	-13.54567391	-0.355451124	0.28504131
-0.280382181	-109.8603691	5.541411674	-27.78223956	-0.320012064	0.509965161
-0.480578117	-420.1713762	15.65536513	-46.38396392	16.64449281	0.387911653
1.416028251	-199.1072893	48.64058749	-18.46114987	-0.133096224	0.465561301
-0.865336165	-125.4707699	49.14543408	-31.01828965	-0.18314618	0.863911669
0.731931093	-94.3937266	28.78974654	-33.55553632	-0.630680385	0.543715718
-0.60983992	-233.8128331	11.18815769	-58.64706726	-0.114136427	0.680191038
0.07745961	-364.9733408	5.020024591	-28.84633304	-0.15925107	1.021224063
0.006419944	-204.3014174	19.91089772	-4.879537071	-0.243026031	0.53820332
5.268574479	-228.4370321	14.31175994	-27.23016612	-0.130117235	0.898612186
0.573524639	-208.849649	9.42953614	-46.85972666	-0.130986055	0.504741911
-0.018861442	-119.41578	29.69034517	-72.30085868	-0.13396308	0.457932033
0.745511457	-97.8669273	42.93275828	-17.08841882	-0.141524372	0.36796241
-0.730067942	-525.7609664	34.39290218	-7.792578495	-0.15011064	0.869557075
0.267804331	-154.942475	26.29247886	-45.64768653	-0.207716033	0.373959
0.726369669	-456.2394881	126.5740483	-42.45426995	-0.24497123	0.498839123
-0.187062888	-336.2780263	43.59928524	-22.49170299	-0.259162227	0.609812533
-0.548388883	-77.83072432	25.38762248	-14.69818988	-0.342949751	0.320734673
-0.40768557	-159.6056357	17.25842525	-43.72067999	-0.228506237	0.444993545
-0.042255974	-126.6884382	61.07763321	-65.50442078	-0.830695222	0.825457469
-0.6755709	-81.22643676	24.56942291	-6.313153654	-0.086904622	1.365894861
5.119750039	-22.12886035	20.70620722	-28.7867057	-0.115957006	0.427100718
1.962744027	-191.1351603	23.09705632	-17.18711194	-0.613243264	0.805160889
0.427881346	-45.86967214	52.58908144	-17.46226023	-0.263758605	0.262600207
-0.258514718	-86.66454581	34.69777856	-8.397151286	-0.277775159	0.392959314
0.287236541	-498.4666959	24.97293322	-30.74118989	-0.136241724	-1.357451703
2.133953066	-164.2875355	45.13312441	-46.44746844	-0.210531067	1.023069897
0.23461302	-87.34213038	67.75711917	-37.5993148	-0.173612451	1.325881318
-0.848034001	-179.328855	3.76996287	-25.55965764	-0.203485307	1.016923556
0.210592726	-146.6192842	28.87408056	-11.15022928	-0.205280276	2.841227721
-0.37172515	-141.6960903	24.7954133	-7.432092298	-0.109820032	0.396648041
5.816850291	-2168.380613	19.50058925	-17.22094724	-0.231337589	0.420707646
3.453374797	-850.5055798	11.13410606	-14.6072525	-0.104718492	0.412319443
-0.464999744	-181.5406879	33.16691162	-77.24557103	-2.826922352	0.320161664
0.049610024	-81.51110431	17.03099921	-10.92383893	-0.148063889	0.508997025
-0.548184049	-13.61788018	65.68265382	-22.0092891	-0.186165563	0.290823944
0.459887409	-289.4669317	8.911560446	-13.58649049	-0.17705932	1.146738499
1.083790674	-612.0477349	45.62823706	-54.11105735	-0.162895143	0.760692019
1.037678078	-63.76645417	33.10949592	-29.48322339	-0.28628443	0.818281404
0.852941756	-102.2345985	2.370290855	-46.83799732	-0.249976387	0.616482758
-0.443109877	-291.4582615	35.67814638	-20.11466802	-0.514330839	0.912340186
7.764760408	-138.3413292	0.535374198	-29.61775218	-0.560341394	0.378336776
-0.552412908	-61.75136911	30.847934	-8.883250448	-0.169187964	0.534219076
1.820673162	-357.5807189	2.293807332	-45.37100094	-0.15761362	0.321445534
0.093470688	-142.0510666	8.047026554	-23.58478522	-0.193835538	2.109885478
0.223878321	-162.4403032	13.33975346	-29.42944985	-0.128753115	2.133974634
0.775148154	-87.93074519	16.85285452	-17.83012868	-0.089684055	0.757097905
-0.159846287	-151.0885898	25.83419931	-37.65955258	-0.283534593	0.887605324
1.182731687	-52.20130148	42.4019852	-16.47418318	0.518804961	2.087613924
1.059459869	-16.11046178	36.02492637	-59.92220769	-0.124731584	0.417976136
-0.301554577	-176.7817448	4.723276008	-22.89250732	-0.348141205	0.374548798
3.463472069	-51.61827759	9.870353666	-55.67285088	-0.340602454	0.301348682
0.805350187	-50.11008374	32.17901934	-6.7751244	-0.123812727	0.398085573
-0.766950251	-74.54823121	59.21439479	-43.08167728	-0.241214895	0.411287207
-0.034556734	-26.86983915	5.455959512	-24.28387506	-0.747469705	0.302649219
-0.210172248	-97.16161837	40.45643843	-16.95024316	-0.180378094	0.620784829
-0.020575287	-808.7621485	61.67847969	-54.24672446	-0.218182171	0.470004043
2.94987127	-116.7031346	19.11866731	-45.35210546	-0.199310682	0.436805503
3.136566291	-318.2086075	35.34190297	-61.81477137	-0.162447335	0.228689425
8.333406906	-119.8894293	15.48822523	-36.43261397	-0.257200329	0.411511397
-0.659460978	-204.8576516	25.66764964	-25.68304493	-0.144235007	0.823375755
-0.488398384	-96.71604255	105.2205794	-44.26030091	-0.230492269	0.405329601
-0.737686176	-198.0246447	74.96875269	-16.07613408	-0.166796048	1.170991684
0.025882845	-154.0703906	24.80275265	-12.58492603	-0.120619739	1.13010585
0.263620141	-171.2149396	43.25370827	-53.89644119	-0.158590587	0.311461695
0.871707935	-248.0799779	31.29567207	-56.1488038	-0.248619834	1.209005557
1.088443961	-32.95170449	7.713040496	-38.23577498	-0.118393315	2.307160593
3.759436183	-32.48229287	40.2099797	-59.98007445	-0.12530525	0.653693207
-0.519815564	-394.36991	0.776506159	-32.15636628	-0.150484767	0.731361059
1.744631787	-270.2229645	30.3299589	-9.257776468	-0.174941541	0.432292161
4.133531383	-205.4873115	28.40709159	-11.48651968	-0.320895244	0.568129452
4.076375213	-305.3767194	9.059601665	-15.66549228	-0.110108423	0.215218014
5.970860158	-560.4600725	21.94569983	-44.10065897	-0.312576069	0.299993857
-0.371001519	-18.05168075	60.56412784	-15.39198232	-0.086490234	197.1769464
-0.806766739	-35.73914984	37.00369546	-34.96558902	-0.104190198	0.431152046
-0.250867204	-35.78141539	52.92091661	-39.28368528	-0.232942824	0.629452513
-0.534286388	-363.3944489	16.04403398	-2.604674369	-0.520633405	0.360293507
1.833193195	-1030.389478	64.04127781	-66.96468424	-0.348580195	1.01641702
-0.794734331	-53.70660686	32.92830713	-52.636853	-0.17329067	0.675668029
-0.387628195	-108.8678575	56.58182895	-23.42129912	-0.234745952	0.482954527
0.361349699	-437.3833012	12.81481246	-18.6680165	-0.252692936	0.414999125
-0.801160049	-52.09691667	58.82066929	-28.51480358	-0.466169106	2.89701175
1.927275236	-907.6671338	40.33347095	-16.61517075	-0.20555336	0.622131982
2.476595628	-1792.546124	44.53495742	-20.27101543	-0.378030873	-24.91675459
-0.818592316	-427.2750742	25.98068284	-4.131500115	261.382573	0.393597669
-0.392523919	-144.6931258	43.02246047	-2.121342088	-0.259112975	0.749243932
-0.485654336	-36.66915532	9.506650894	-19.53214354	-0.128915987	0.295812474
-0.893456907	-826.7888451	35.48698924	-39.51403489	-0.305440589	0.314281754
-0.594194375	-120.6490228	13.95555095	-6.20661051	-0.146543916	0.820822843
0.059989981	-123.5186775	25.43019241	-81.7016539	-6.832847199	0.425137873
0.076168184	-47.587332	39.15950948	-38.42999466	-0.206897375	0.315435246
1.655202268	-28.68019889	9.280372859	-10.18970598	-0.152480361	0.40607823
-0.453599057	-322.0678347	44.24977083	-51.57335408	-0.169392184	1.123946122
0.289627644	-114.8724927	16.76694692	-20.51323604	-0.188074972	39.2494507
-0.772919955	-26.38624477	34.60142312	-44.53782573	-0.324898748	0.445394259
9.240450227	-149.9047181	45.06054153	-22.58259795	-0.408015553	0.78059379
-0.124358139	-233.158632	16.50221204	-24.64440349	-0.518776162	0.296485703
0.457013819	-58.19587924	6.86082751	-23.349983	-0.186813235	0.847901993
1.466185556	-656.2674337	4.770022346	-47.39429768	-0.46348306	0.377293333
-0.664602003	-294.81129	13.32093577	-43.75229796	-0.283420389	0.340562643
2.623369158	-249.385028	10.59487214	-3.119821108	-0.23631034	0.357636285
1.054295268	-408.6366433	58.72735272	-29.77072222	-0.09495246	3.20582161
-0.245027237	-145.0513304	31.35568975	-29.56399622	-0.328498892	1.897682223
-0.834419921	-32.07809767	30.9687889	-21.41563781	-0.175249213	0.663481665
-0.73841064	-477.7779345	40.84379072	-39.93872008	-0.191062751	0.328706515
-0.804823153	-202.8919955	45.05840156	-34.59573446	-0.472940676	0.308419205
0.122269405	-232.0572989	69.06007637	-46.31994386	-0.208939443	0.259211262
-0.274666295	-910.8959425	21.34633265	-12.38197228	-0.107139193	0.934005
1.842181733	-184.0988439	3.189446314	-17.33258001	-0.157368493	0.742504567
-0.076000599	-1418.671059	38.30641255	-60.89193611	-0.195171505	0.506178332
1.31582557	-334.5593418	51.64383075	-6.16626738	-0.267916264	0.3079961
6.235215498	-81.90590188	41.61816477	-36.02459721	0.862260994	11.59815913
-0.679118995	-307.6775495	17.49981463	-7.124331055	-0.119132549	1.286722191
3.751697219	-97.56402501	22.71276918	-23.91239067	-1.617914096	0.266732503
0.219603549	-71.37694324	85.98712075	-5.064475415	-0.138507176	0.359198921
-0.726469509	-120.1823063	13.69479301	-14.83802128	-0.093220009	-7.375629503
-0.816466191	-207.1082849	53.67548421	-32.49430681	-1.496288045	0.325403053
0.74798246	-65.93279749	8.131535662	-36.51738039	-0.140738961	0.419128815
-0.447427023	-68.98162277	24.60442719	-27.22791054	-0.237337593	0.768629665
-0.763427509	-365.0727465	0.004056663	-110.2335427	-3.526496938	0.501426022
0.38316826	-340.9788881	23.86686068	-6.327059761	-2.192996698	0.379376249
-0.766843257	-80.18136065	55.25423341	-19.05960372	-5.117930443	0.425068216
1.688911873	-252.5541632	24.90132118	-28.44622761	-0.293489197	0.357696066
-0.733966568	-191.7414024	14.4847098	-34.53841147	-1.626721847	0.282729297
1.149302595	-148.2468742	8.250626389	-17.99927798	-0.141567858	0.41839034
1.062914302	-88.07986989	12.24531644	-34.79203004	-0.088493016	1.925425641
0.842026374	-112.2813088	39.97366994	-26.77507798	-0.878033606	0.485064972
1.917548609	-246.0123198	17.7928042	-29.97833163	-0.135810212	-2.661343753
0.383881756	-190.8136747	16.23928431	-7.847022501	-0.136852697	0.569044154
-0.801800966	-312.1237399	70.7016744	-2.855464033	-0.16676095	0.832684919
0.172256316	-190.5760478	7.442868658	-25.6751828	-0.506362399	0.930653623
-0.843755146	-54.54105449	3.910092417	-25.41997364	-0.215440993	0.722160813
-0.757157767	-62.30270807	41.14979779	-7.41227904	-0.240453168	0.171005425
-0.021140633	-166.145295	22.33642453	-76.36338196	-0.14949988	0.999698806
-0.730112682	-132.5280117	22.8187997	-9.630777029	-0.257553813	0.918852915
5.159207997	-95.71013923	52.34095892	-52.17115555	-0.126088774	0.617695784
0.282544596	-39.35961553	13.51662122	-2.682254487	-0.257980802	0.618810911
-0.111105315	-86.67707487	25.78400962	-14.50768088	-0.122577044	0.185257432
-0.023070935	-29.58588246	34.16195498	-25.2582187	-0.539820105	0.506603878
0.67033997	-558.8366143	9.158433736	-38.74633823	-0.81998516	0.540493685
1.55581021	-181.3376864	15.41805288	-0.170823978	-0.067920387	0.652890546
0.757406706	-153.682275	13.62366937	-14.02290401	-0.266707403	0.319918446
-0.839182479	-75.42751477	29.49998794	-4.109109527	-0.169644413	0.559290243
-0.97753882	-189.2968637	20.37708497	-0.086426517	-0.144723895	0.404855204
-0.548597342	-223.7962041	19.47350446	-24.23261544	-0.281796658	0.474186819
9.497147598	-96.31367715	20.63988317	-23.43264081	-0.152658095	2.280112874
0.573529285	-79.38832567	19.41204171	-5.191301718	-0.163749374	0.841229171
4.231475144	-61.42297273	13.54628567	-32.15542576	-0.229681329	0.49971294
-0.214300233	-86.52600675	47.65705433	-11.21348393	-0.192460213	0.312196738
4.27665894	-93.30437147	107.5819723	-68.26122363	-0.204173376	0.432583382
0.956836972	-425.6083164	17.92377459	-7.240323325	-0.087832126	0.469351703
-0.361266648	-1598.147171	128.6767538	-37.72477669	-0.360231623	0.836934568
-0.451411866	-107.2252881	14.54733947	-13.46168481	-0.584108329	0.341753262
-0.790501821	-150.8126441	24.07230134	-0.427817594	-0.195565926	0.339326174
-0.548063333	-471.5581031	21.26651469	-47.40659054	-0.16859306	0.595875813
1.2724167	-174.4421951	51.92969613	-21.29428823	-0.158489395	0.360695284
-0.081156058	-108.0624768	38.88515834	-55.78715213	-0.275869375	0.568702214
-0.589600087	-144.0600988	62.1360411	-17.08661436	-0.552479595	0.451922052
-0.834770528	-793.2583132	26.05784069	-23.83308335	-0.113771396	0.35390779
-0.107574442	-164.8835241	42.91930932	-34.29780532	-0.253097352	0.39016024
0.921864025	-305.6696944	25.76770832	-23.80136899	-0.416066593	0.801518199
-0.064501396	-82.34229535	73.11025179	-0.108185085	-0.23303715	0.420486094
5.091705403	-15.09112734	3.803388851	-31.78152674	-0.226835949	0.678023325
0.464975691	-62.98674616	20.61759734	-46.8859872	-0.120051466	0.552654524
1.683080195	-316.4248508	41.75551232	-50.12776924	-0.190323501	0.910845276
-0.104743598	-59.43878929	19.60549134	-29.40120298	-0.137700053	0.506088288
-0.813333164	-124.8457854	10.25224274	-45.58826168	-0.285541007	0.348141331
-0.399180758	-28.61149423	44.95299791	-48.15386555	-0.177200155	0.592579148
-0.249706188	-96.37182974	17.77350441	-2.891893619	-0.248389056	0.367550111
3.9721554	-70.92976106	32.55777164	-30.98657455	-0.189259501	0.527100559
-0.590135347	-432.728173	37.2911332	-28.34132695	-0.43216894	0.390774283
0.220637704	-127.8555466	32.02955736	-14.82785293	-0.936684441	2.243150209
-0.445552335	-182.6678489	5.189592937	-0.716692025	-0.090978233	0.369014225
-0.612976177	-83.1393976	19.21974738	-53.89056221	-0.14701285	0.741617361
0.356695589	-859.7883149	31.37387111	-1.986930842	-0.802448485	0.640238089
0.111178508	-115.42254	19.95092291	-72.0866116	-0.315805871	0.442614158
0.288274214	-94.01482268	40.17355801	-49.42440173	-0.692731979	0.401358657
-0.827297778	-82.8998766	25.6847587	-24.85885296	-0.086233428	0.664554104
-0.555092799	-79.16850133	127.3958077	-43.37922349	-0.11189138	1.03292485
-0.828809194	-125.354614	31.43947392	-43.79336964	-0.237836742	0.765594928
-0.670043236	-232.0403253	17.0434906	-31.87688365	-0.150839068	1.363799019
-0.866290322	-97.82925433	4.991259212	-7.419401564	-0.266171222	0.320184248
0.22987562	-16.36210714	1.036031825	-12.87974179	-0.28001327	0.420014534
0.413306737	-72.18881507	26.69055132	-60.67708896	-0.379623124	0.503066233
-0.47450684	-376.3863348	2.514438074	-73.10421435	-0.310930946	1.036928335
-0.294997493	-181.9262685	35.9796593	-2.011148334	-0.100475022	0.349688652
-0.62494887	-83.69334137	8.65386183	-36.28946263	-0.206700587	0.456622538
-0.837920951	-13.47232126	0.506306849	-46.33076046	-0.186646011	3.647978658
-0.339110597	-93.26673244	43.8485664	-33.40530092	-0.174487721	0.620218768
-0.593549375	-1351.270786	10.45480208	-22.29257535	-0.114976524	0.594813666
-0.315506598	-130.0356913	38.38684034	-52.71775639	-0.289703209	0.596766454
-0.056467623	-175.5237289	4.563218684	-25.19753235	-0.494442821	0.492597932
2.715417323	-108.6077263	60.15475771	-48.41867171	-0.099729824	0.418003997
-0.152586921	-303.4209953	43.72834907	-16.36993124	-0.271997058	0.312927202
-0.462836808	-60.49259946	37.57928998	-19.35972382	-0.353256769	0.53010372
1.05169856	-132.3406295	5.727689657	-69.00294554	-0.774484969	0.729958367
-0.325282297	-521.3523891	39.22898105	-116.6036809	-0.872712421	1.230767917
0.835278503	-80.80007351	20.90768556	-3.544656356	-0.305056659	0.428146842
-0.695991345	-12.8873925	3.966363258	-59.6776409	-0.14590111	0.635943949
7.699132534	-257.2888691	35.48351295	-4.47863169	-0.120054585	0.382921873
0.029368387	-157.2150386	15.09308043	-22.45458092	-0.140394916	0.885270335
-0.274395112	-253.0646121	36.3782646	-47.53768494	-0.255818063	0.586527739
-0.622685645	-118.6654451	21.95165248	-18.94063549	-0.193078155	1.347427254
-0.525732225	-757.1219697	69.60929386	-19.66525905	-0.346475062	0.391460799
0.136899555	-293.8442747	72.41308445	-32.47820984	-0.351081003	0.556920478
-0.481108092	-483.2892911	43.55517963	-61.48046883	-0.130651468	0.208540878
1.566309798	-19.7514452	7.101528335	-28.70118548	-0.511974504	0.640054526
-0.79291038	-38.16233632	34.03367665	-15.46114483	-0.092031186	0.842283835
-0.570765439	-164.6009014	24.75772307	-3.808083552	-0.211459354	0.252332244
-0.067650174	-94.07579979	26.66059699	-98.21223126	-0.177191346	0.254552559
-0.691389368	-260.2576976	5.042927612	-17.52023147	-0.359141623	0.282951028
-0.744830482	-33.24645032	29.9479818	-8.183024725	-0.305172621	0.431044887
0.47874128	-65.59939394	9.085552477	-24.20289194	-0.95333283	0.36552813
-0.278303339	-1878.863286	50.65064124	-61.73514223	-0.224657316	0.341661613
0.184876051	-53.73513036	17.576623	-43.50002373	-0.159822349	0.319770515
-0.518229249	-169.6546878	12.22778774	-12.44936315	-0.167422495	0.749327265
-0.557884705	-448.466692	4.521613636	-54.06018214	-0.376592439	0.827086685
2.686899076	-38.45627962	1.125082673	-74.15928651	-0.379631396	0.323869141
-0.939431927	-296.8879471	2.636394831	-0.686246514	-0.286253764	1.20963418
0.945734888	-90.14508164	59.19057059	-3.993070687	-0.105394268	0.418603863
-0.577479112	-83.14686796	66.10657637	-6.472007924	-0.629687576	0.790211422
-0.729702434	-164.4609697	0.093572707	-20.80581998	-0.224072302	0.247052438
0.430227467	-47.13297304	33.24725891	-33.44839039	-0.093396098	0.336178251
-0.796785987	-145.3491218	19.92563753	-45.67875938	-0.212898437	0.395619756
-0.665662257	-311.713906	4.618320116	-48.89409995	-1.086392202	0.455332314
-0.692031181	-33.81248278	5.225584919	-22.57723055	-0.33270212	0.839938263
2.860398696	-86.31951904	31.23818293	-46.68807575	-0.154885557	0.657109472
-0.234054451	-101.4491233	55.44432262	-3.482819859	-0.258185021	0.476582651
-0.39714872	-143.7676835	18.66836643	-42.72077571	-0.301716382	0.449890407
0.634644521	-101.736239	30.56617329	-21.6579549	-0.25200036	0.429850895
0.171652321	-153.3054705	13.2694359	-31.1987029	-0.189699689	-1.66315014
0.126311753	-99.06398071	45.61576437	-11.42611786	-0.102087419	0.424837048
-0.784325658	-60.50430005	5.68630803	-28.55067423	-0.21122426	0.386765266
1.942342163	-134.8655965	17.1670328	-16.19659585	-0.121323908	0.322324585
0.998487425	-142.5388752	23.91382071	-59.02254493	-0.14509024	0.280549882
0.482367161	-205.8155523	24.74345773	-11.79401678	-0.214634634	0.347574457
1.713462463	-104.8232532	12.7225491	-33.44207744	-2.491938633	0.331716335
-0.378045105	-228.8870271	65.67205457	-59.48653339	-0.290981208	0.633756502
0.651255957	-239.4349576	40.77040934	-7.456985618	-0.283254934	0.688093183
3.574966734	-122.6627723	30.5884041	-3.776279567	-0.194497158	0.881052993
-0.625062507	-419.2330378	9.797728373	-4.386591387	-0.112352026	0.275187453
0.318621661	-417.5552363	21.77742948	-50.60068867	-0.084180491	-21.8969935
-0.754642649	-119.0108979	19.32492598	-38.58562465	-0.103704929	0.443118546
0.39958729	-137.0159467	18.15276529	-20.56788903	-0.217365452	0.490200435
0.064765346	-383.5165748	34.72070736	-90.25410679	3.709443908	0.409184555
-0.706876878	-49.38448662	42.58325964	-55.88343905	-0.260847309	0.352013965
11.59109534	-168.1265607	19.78596611	-14.35186276	-0.189838994	1.565490045
1.093810499	-76.73428979	59.87613711	-11.76563421	-0.132713314	0.357256383
-0.919268933	-382.3044645	47.74950557	-2.118096959	-0.126781536	0.41633864
-0.585634017	-72.32932953	31.1869052	-31.3698239	-0.14178508	0.516675999
-0.904284914	-203.4982748	22.91308853	-26.68528378	-1.22823423	0.64596774
-0.548803746	-43.37633574	8.388321348	-2.244649435	-0.13246912	0.418121081
2.65626455	-256.7614422	4.141073054	-17.43621249	-0.273199534	0.802715094
-0.382214659	-154.2289108	7.052992102	-29.72477662	-0.181014867	0.416692799
0.998744332	-365.697359	26.39738613	-50.93235039	-0.191436893	0.497825321
-0.23350914	-173.5494221	20.95228468	-65.9707429	-0.159121641	2.909406239
-0.507035393	-358.5861473	45.04379178	-32.92506882	-0.1970822	0.267840319
0.195811763	-1933.387919	45.77627321	-6.653563022	412.3213567	0.244419008
1.035104325	-45.87868597	9.165851285	-53.84377133	-0.138706107	0.326377142
-0.011507212	-2341.032721	51.50633334	-17.38346575	-0.162388285	0.63028726
6.10893982	-153.5426584	38.01905509	-67.75298383	-0.237922737	0.708739793
-0.182184018	-984.7290007	77.38550169	-16.55286149	-0.186761119	0.323649025
0.369586246	-99.36362969	61.72200081	-10.80292172	-0.185112651	0.340086145
-0.426202458	-306.5726574	5.636103534	-24.61463148	-0.176583028	0.322924677
2.853399535	-33.98936008	68.9911821	-59.54451947	-0.100780662	0.57718782
-0.8989403	-45.78446391	11.1494317	-26.95236446	-0.230263597	0.317407401
-0.595891028	-296.5479965	5.357987818	-18.82755042	-0.181679572	0.26426027
0.679213718	-61.06725386	13.81936673	-13.57069979	-0.117575799	0.461503658
-0.673495254	-544.9616542	22.08688039	-5.745231459	-0.122510839	0.457529275
-0.49455972	-46.6599186	25.14666016	-34.29606145	-0.118542553	0.491292246
-0.54242368	-763.190741	31.75942848	-55.07254715	-0.306035385	1.21774009
-0.358605995	-165.7675585	31.79318277	-8.673777519	-0.090847577	1.18805836
0.001915897	-49.29690939	53.33958894	-52.3790151	-0.192303898	0.706284023
0.048187922	-160.6286776	18.75370191	-31.90953268	-0.094334679	0.405980579
-0.66811285	-75.27667693	22.17277462	-3.775152301	-1.055640775	0.441932096
-0.16131691	-97.6957823	32.36883607	-25.29710396	-0.197513278	0.310713862
4.623701685	-104.5158805	17.24048947	-40.13744133	-0.114289062	0.901579029
0.831227067	-132.1425453	29.24204113	-28.37459286	-0.350351857	0.528893397
0.214313521	-63.92431525	5.784315389	-4.509190011	-0.3647062	0.655096381
-0.484717621	-107.1342877	6.635945073	-42.88556718	-0.45779499	0.454648277
-0.452841974	-22.01160929	33.90010638	-2.741679169	-0.542752576	0.380606491
-0.855495373	-565.3784091	4.976748317	-10.70810882	-0.271111346	0.270858653
-0.554725444	-614.0290089	26.76149422	-23.43986703	-0.166846374	0.27296761
3.760995331	-105.3906749	26.89480309	-55.32933685	0.959111638	0.259540387
0.144936132	-127.5703862	16.19214984	-25.79326212	-0.17743265	0.381301708
-0.266418883	-253.5434416	19.64447931	-49.82542591	-0.114810231	0.262924893
0.894504896	-448.7005197	13.37101512	-43.54599128	-0.089986953	1.118404299
0.375021279	-767.7256649	21.22386184	-17.85034258	-0.112315029	0.465509784
-0.896365262	-163.7986539	23.63170726	-19.32881792	-0.137545446	0.289875743
1.096186609	-250.1260087	14.05019387	-95.42350001	5.549660665	0.586119289
0.93894672	-238.3062806	2.513435573	-23.29446218	-0.312942043	0.403871134
1.419777211	-89.00219818	44.04302051	-56.02296718	-0.253558656	0.362001433
-0.526316775	-136.9694819	20.15288223	-47.63328911	-0.140635668	0.559076191
1.667746153	-52.9098767	9.32177196	-16.24984949	-0.213538969	0.307510548
0.712602729	-270.212995	63.27669039	-16.02116296	-0.816957345	0.393128938
0.036733274	-380.0804069	40.96409783	-39.20615433	-0.099469755	0.826223745
0.754645991	-341.7533627	13.61183532	-30.22953003	-0.129296292	0.314607678
2.300918543	-337.9677701	0.052785902	-41.37994968	-0.175061115	1.303295086
3.871710796	-79.39773666	26.33846957	-13.39917133	-0.115549151	0.339811038
-0.04504062	-102.5781595	37.37958328	-34.46861616	-1.016593719	0.834843388
-0.430665128	-330.3915509	29.4971069	-14.15404815	-0.143215983	0.383277523
-0.584479477	-74.83233473	24.92936442	-28.27808674	-0.291437887	0.409491352
7.888063651	-174.0823589	47.87117731	-14.63493727	-0.141819097	0.314955661
0.787416218	-229.2858768	17.05572273	-15.38798666	-0.207575073	0.413661133
0.35938535	-2128.529914	7.381855666	-42.94313632	-0.14495102	0.351054483
4.06838269	-62.37386193	20.00584832	-44.6046547	-0.111030271	0.776530941
0.196800958	-85.17839381	11.26499722	-43.53656538	-0.199128999	0.5239685
-0.218823513	-103.6023114	13.0613507	-25.06168112	-0.124182323	0.327025329
1.220948625	-48.2052934	53.19966799	-24.98196317	-0.697010851	0.862622564
-0.033002547	-136.2765429	39.28371104	-24.13634455	-0.352710461	1.020511315
0.413871152	-27.72915183	40.32489793	-22.34369263	-0.104628195	0.543839468
0.297959136	-189.3153978	37.88470866	-75.36339509	-0.163074571	0.532373542
-0.329333882	-22.4039919	24.437339	-34.79304813	0.864551973	0.499430957
-0.888228127	-148.5724765	22.96861545	-67.23287862	-1.101457881	0.231593106
-0.653253351	-99.29391631	16.13679902	-20.53390988	-0.227393817	2.013726023
-0.764285203	-47.3951513	96.78931387	-13.83081216	-0.131625047	0.924177753
0.346004871	-74.59060685	50.83323979	-14.60189557	-0.213022027	0.849912886
-0.038050227	-1240.676725	24.98678904	-23.34358225	-0.145506136	0.290137885
5.182472896	-228.8465335	31.72090334	-16.62644828	-0.126951625	0.307675514
-0.870529296	-162.8949644	34.94163433	-12.74774058	-0.099868528	0.937612767
2.266307904	-255.5379248	53.98429539	-5.464061696	-0.193496572	1.073072929
-0.568802235	-55.42412935	43.85314272	-8.785393243	-0.206438645	0.599116383
-0.504918556	-120.5615512	30.2981233	-13.62189903	3.850417778	167.3367258
-0.913155331	-83.69922247	7.281637554	-17.86283768	-0.188751085	0.401191974
2.22221325	-494.5458692	34.59598157	-32.43765387	-0.304464995	0.520200166
3.986816095	-499.7317727	14.08611102	-38.86731951	-0.481238612	3.53229542
0.152147925	-169.4039664	53.21883991	-14.52975515	-0.224201106	0.567509231
-0.327041619	-60.04950668	29.40298441	-30.39286474	-0.124303442	0.511529032
-0.151299947	-222.1008378	26.84176482	-53.75479759	1.022238318	0.352545027
-0.173608658	-232.9373958	20.22599683	-55.68330551	-0.268950079	0.514048474
18.63084668	-70.90183755	61.54421538	-41.48756262	-0.186918968	0.776938925
-0.291690735	-216.4691888	20.26115865	-45.11557141	-0.430964397	0.735966637
-0.436455467	-259.4857265	35.41269232	-36.61631331	-0.166619213	0.298338977
1.24322043	-116.4982467	41.64464445	-70.43582812	-0.160403196	0.589353428
1.533114137	-444.0065342	135.0461092	-26.31622748	-0.204044508	0.435102973
-0.767203091	-69.31034772	31.65128307	-56.37418796	0.417067298	0.415626539
0.181422561	-142.5144218	16.59355082	-67.72535063	-0.078651137	0.4091541
0.681496929	-153.4831338	36.44865761	-30.68458639	-0.228096871	2.007064332
-0.784692259	-156.518838	44.6139502	-36.86703478	-0.143810817	0.372134491
-0.765520851	-70.68691597	44.47978343	-12.47260515	-0.171782951	0.313711791
-0.209447125	-81.95378792	67.97951477	-25.14938945	-0.123854045	0.246591786
-0.630368054	-76.86507882	18.08973402	-2.822062028	-0.134174548	1.465183731
-0.142588212	-171.3676052	27.61434068	-21.31301539	-0.228800465	1.166436198
0.07881827	-68.47202645	19.17201388	-11.77357581	-0.163012382	0.409703836
-0.525963003	-99.46243454	25.01850532	-15.0105206	-0.46215558	0.669580388
2.555125642	-100.2401954	29.49517644	-22.80535318	-0.132086978	0.307582287
5.024345382	-250.3698681	34.54889953	-25.6911963	-0.276481006	2.051761433
4.940859645	-77.91445714	21.23486521	-116.9969903	-0.08163052	0.42159753
-0.251624621	-103.1058735	44.83769947	-19.41899241	-21.34320793	0.419000359
-0.739195964	-359.8636778	62.89665566	-38.34702935	-0.277158923	0.346680798
-0.469927416	-101.522642	20.43738178	-0.151354109	-0.133758872	0.344477713
0.185652987	-473.7147756	45.09199583	-28.84988781	-0.153130032	0.473477667
-0.350501145	-295.4113043	52.05815125	-26.77981395	-0.309448367	2.899495142
-0.25843989	-164.0188505	44.20569812	-15.47343753	-0.49759716	0.429159553
-0.128413842	-734.1908655	28.67914385	-56.73350049	-0.184045903	0.420446843
0.755056094	-561.5094602	40.94301075	-18.59525589	-0.201731756	6.563838435
0.026281687	-27.2694687	55.97426962	-34.74045752	2.696553745	0.320101761
0.517054872	-97.34337857	10.80089209	-31.57666871	-0.195938078	0.474295089
0.635389571	-123.5583842	7.275266137	-47.99738316	-0.179510946	1.131731797
-0.614412714	-28.85003079	71.09013093	-17.30541014	-0.181022368	0.439904659
0.868005632	-113.6261794	131.1019092	-63.94296111	-0.544974312	0.338268342
1.191047518	-178.0714977	66.44062857	-3.383348292	-0.155559708	0.387049002
-0.836923008	-512.6625377	16.48426297	-46.29869671	-0.109460562	0.627094127
-0.749238495	-79.35057504	16.34163783	-37.94859472	-0.157017689	0.229328219
0.773657258	-308.9842259	65.61487231	-3.863075652	-0.627653961	0.551440012
-0.550167017	-90.97076764	3.815755365	-30.10915376	-0.270777899	0.428732286
-0.268671338	-136.6870761	14.72819133	-40.84932155	-0.165609228	0.403635793
1.208798407	-80.30705582	34.22627263	-50.05986688	-0.326918847	0.339444631
-0.374690212	-499.2556997	8.226746049	-22.0070791	0.678914739	0.351314534
0.130233783	-147.8040769	26.31678708	-44.22491446	-0.130671939	0.504860538
-0.075635605	-10.44173692	4.068364613	-9.827298318	-0.398157777	0.53535696
3.328636669	-353.6168668	25.30912012	-24.39270584	-0.304941344	1.086757044
-0.839515834	-456.9397227	22.40475001	-10.25335829	-0.105133657	0.413841414
0.175766523	-600.0764311	52.30961984	-4.155649022	-0.37347363	0.36851727
-0.006334262	-241.3374395	12.8550762	-7.880132863	-0.132675359	0.633294752
-0.427178114	-631.6002911	23.1620418	-21.35067617	-0.821050848	0.350495671
0.164024503	-247.4689956	19.22311932	-24.05504507	-0.25404098	0.484877422
0.813918004	-1059.257875	48.06794377	-38.29167922	-0.209234264	0.39614179
-0.738975127	-35.81821263	24.53112581	-51.71110811	-0.669323557	0.794965735
-0.625597062	-15.30658559	18.66553212	-15.92394879	-0.323022957	0.325576657
2.622099384	-58.7748295	31.46957023	-48.34025985	-0.203521933	1.409181996
0.721313492	-165.6707037	6.505058089	-8.280707945	-0.142610876	0.244010567
0.906670252	-197.6825057	6.721216021	-65.55494368	-20.6780884	0.549009872
0.267280383	-39.60386502	80.07217215	-24.52741323	-0.253117312	1.679766317
0.996967782	-72.52039423	42.84764493	-49.79923855	-0.137566354	1.04653772
-0.622021949	-437.0088359	70.40974896	-13.12520842	-0.295545609	-1487.456476
-0.509757735	-84.05662788	20.89778064	-5.283613179	-0.175998216	0.556865614
0.273315917	-392.9467216	15.01140093	-13.92135677	-0.154399958	0.456800642
-0.263971968	-1217.853041	35.74813711	-51.71386103	-0.172309663	0.737340528
0.628026734	-144.9364456	84.5329671	-5.629094879	-0.143682846	0.546156834
0.251492129	-121.1205389	15.1565054	-36.41917803	-0.215895337	1.433247185
-0.592289843	-16.69771429	0.162962067	-44.02960273	-0.26603029	0.331434535
1.663096041	-291.0888118	109.357085	-63.264056	0.341361373	0.545281164
-0.867725599	-151.1493996	1.762957383	-18.70514055	-0.211811591	0.437559831
1.812019785	-252.1867031	36.19481262	-42.79282488	-0.158960927	0.242590428
-0.167669017	-103.0428984	0.189244918	-5.730839675	-0.151373032	0.336019128
8.582438214	-135.1116411	65.50432403	-62.90811021	-0.299925174	1.230390083
-0.893233184	-552.5051505	34.02546481	-44.10001013	-0.096725749	0.3200287
-0.533359565	-7.806657915	37.34062605	-29.34799423	-0.17066963	3.021502961
0.576625571	-331.2267186	29.78121285	-10.67150921	-0.185909973	0.205367167
2.666468493	-692.4552056	28.46306471	-6.160592128	-0.113419831	0.28776082
0.723559158	-378.855547	31.23343261	-14.21009501	-0.35154311	2.270424959
-0.530245705	-880.600294	25.94060691	-16.37607136	-0.274048876	0.862599457
1.809172974	-57.88818997	26.30766701	-19.50790919	-0.082018593	0.281521233
-0.071048311	-309.84009	12.68038817	-65.78018109	-0.198673356	1.190688689
-0.438006814	-304.3565358	34.97568286	-15.3327261	-0.101002906	0.227300391
-0.390444398	-183.2956791	15.47498252	-9.824654141	-1.460962928	0.300696848
-0.61427079	-31.8685823	22.58533858	-55.39795936	-0.225812664	0.352614181
-0.487564844	-255.4819179	24.75216664	-38.63384126	-0.162991966	0.646166704
-0.479697255	-1481.816707	41.44294255	-1.789520182	-0.169488204	0.272315944
-0.452946974	-99.45559826	61.1449569	-34.34977489	-0.504263238	0.4583653
0.637369744	-587.8218054	15.05370476	-18.88201606	-0.197715288	0.32443298
1.43178204	-11.93282797	42.97713165	-13.46319671	-0.565694677	0.701429234
-0.646609599	-247.6114304	18.14336306	-26.14346666	-0.140093106	0.355491917
0.497412911	-49.32633225	13.82688729	-4.576003189	-0.121148606	0.973146047
-0.390752686	-702.3069993	7.062464626	-20.84150971	0.597028082	0.683062003
-0.478033468	-73.7212343	36.11374836	-15.08967776	-0.11484906	0.549539206
-0.583238459	-154.8398797	12.87971058	-35.1059246	-0.783167224	0.312250536
0.934491129	-147.3700486	12.87545412	-9.529463112	-0.157126278	0.45816191
-0.537585523	-281.3191858	65.08385095	-27.1901621	-0.143272471	0.646381201
3.334893359	-1639.699322	18.00804649	-16.38906714	-0.227255656	1.047156885
-0.819714771	-883.6920863	9.061209843	-10.18519894	-0.32630067	0.791934566
0.66343897	-138.5845396	19.28402601	-15.80662462	-0.181951732	0.432112505
0.811397053	-53.52363003	5.389188002	-36.78169967	-0.158316623	0.424027691
-0.880326499	-1322.397061	27.37124067	-23.10545574	-0.130720518	0.583093426
0.007933668	-229.5786479	23.47196313	-39.01806127	0.864296054	0.753222955
6.060079331	-220.616507	7.021250184	-57.71447738	-11.00567723	-13.94838299
-0.723530764	-151.0632674	55.61254805	-11.03726589	-0.107628643	0.420502036
0.355725388	-60.31843009	10.64069676	-51.6725725	-0.122851835	0.614456626
-0.456937739	-201.924763	42.84728665	-16.60359247	-0.15858248	0.511636261
0.732309778	-316.6123922	36.74306388	-13.6054685	-0.139947529	0.536943323
-0.334646795	-254.294637	29.68246438	-25.39762407	-0.129006877	-21.89766105
0.118878369	-50.94129723	14.05490861	-50.21113208	0.335259017	0.523049438
-0.347055975	-174.0927795	40.52929641	-38.37533576	-0.12003604	0.262932456
2.93849143	-99.42520432	39.45461586	-70.25239897	-0.282084486	0.259779207
-0.69555042	-187.6258265	24.72627058	-39.69247177	-0.175689787	2.008288499
0.180508709	-103.1966621	26.46161555	-26.52539023	-0.243041326	0.492485477
1.060251574	-99.05980809	52.50915214	-34.21507506	-0.131304334	-12.61155775
0.971306475	-34.47209406	24.95941024	-32.65621578	-0.252871185	0.710122165
-0.613549922	-189.3171733	43.47731138	-14.96271393	-0.152543403	0.267547216
0.741935971	-36.65899581	6.073088365	-16.21099379	-0.261236769	0.353082113
-0.898552235	-193.3694389	41.27167154	-44.61521575	-0.580842072	0.603584004
-0.633319556	-88.47221016	14.7685007	-73.67560339	-0.115874432	0.62316528
2.190649682	-1119.776031	57.29266687	-25.18363607	-0.138452379	0.52133983
4.781132621	-534.4654944	54.19547256	-52.84098878	-0.098301481	1.224172866
0.251583831	-109.6866069	20.83007072	-27.51880708	-0.192475672	0.476132749
0.790780901	-215.9318621	31.18091342	-20.61993619	-0.119402868	0.862973269
5.159766888	-84.74337938	22.44608128	-19.94319103	-0.091522649	1.549448114
-0.551150632	-456.8147939	49.4950776	-4.105073806	-0.240641821	0.850522832
0.79771545	-87.99373531	14.33999599	-5.741805318	-0.96979415	0.328354489
0.11400609	-345.6688052	9.85891116	-27.07139788	-0.233538714	1.056040291
-0.18777435	-21.75670396	77.63450538	-28.39147783	-0.229469571	0.959202457
1.189139113	-213.7250052	18.86296685	-39.51889297	-0.183316662	-3.081674385
2.118382607	-88.23633157	24.26421033	-42.27103227	-0.098649343	0.393390439
-0.401314126	-409.2633372	9.239160964	-4.784120516	-0.248659209	0.479093792
-0.301204907	-151.5194354	24.44141595	-23.61676246	-0.163425023	0.619925063
-0.723203295	-437.5359992	32.34495272	-3.240001805	-0.231645145	0.343971455
4.852438941	-1155.530479	9.705972364	-38.48623611	-0.197575663	0.494935026
1.173321366	-172.0493244	28.04689814	-50.9312005	-0.168288604	0.388333164
-0.178594348	-291.1615273	5.63579725	-56.69393691	-0.111301014	0.633123574
-0.581645281	-193.0029415	16.57147323	-44.76361585	-0.186429598	0.732457638
0.033281224	-50.24728943	17.24969894	-24.14610534	-0.140084923	0.322291327
-0.644181314	-536.6451498	14.77918745	-19.81017425	-0.13630329	0.35292447
0.655867246	-498.5695662	68.06101151	-44.38265771	-0.129126899	0.343195166
-0.358397147	-1129.496919	29.81419737	-11.53552543	-0.305174259	0.413831571
-0.573733116	-88.99462116	17.76875812	-16.22740793	-0.101207982	0.532548423
0.416535949	-279.7622098	13.94082366	-19.65379311	-0.259260138	0.883944575
0.23682648	-140.5977728	24.25133716	-13.00268171	-0.213554405	0.251346719
0.295065168	-48.94466552	33.36193526	-12.37814547	-0.108552283	0.464179924
1.155070384	-111.9962105	71.38114404	-10.81304682	-0.112584064	0.603852701
-0.670056685	-318.5968649	34.84379875	-32.35464689	-0.578026535	0.26522315
0.267775258	-314.9290773	18.50521831	-22.83406616	-0.420029175	0.271267054
3.840884998	-579.6901132	22.68366384	-15.08616823	-1.080190278	0.749689203
-0.485063938	-163.0277667	25.84017204	-19.92622282	-0.180325039	0.50064934
1.017186623	-25.18555236	43.36598333	-80.54510589	-0.181999433	0.583430667
0.735170124	-60.23174462	40.39406264	-15.26805623	-0.164140434	0.338221191
0.306332589	-44.69072378	28.82199165	-2.74000853	-0.150229706	0.592786694
0.281176694	-41.98774098	18.06987226	-30.00737244	-0.313055531	0.440015527
-0.170914495	-108.7464528	14.27014239	-6.719843455	-0.495318196	0.489847393
-0.894482275	-72.85126789	17.11119061	-35.22032076	-0.123756936	0.501223449
2.903094191	-949.8640185	17.65662838	-44.67379274	-0.137870487	0.976771617
0.033566365	-85.35545821	57.16417331	-30.86941888	-2.116400378	0.466407015
-0.83257308	-100.8438152	6.594988005	-48.3594713	-0.212108977	0.407063493
-0.288492086	-205.2570446	56.13483688	-10.17673516	-0.43249667	0.490737349
0.816907279	-450.2825559	19.03390202	-6.368141641	0.824910168	0.613863611
0.128118199	-74.11118761	45.00704388	-49.30442543	-0.183474106	0.389840973
0.320487214	-45.99400739	15.48348026	-14.28686623	-0.209979711	0.471337353
3.129998885	-225.0925262	14.8162609	-72.93897784	-0.212409282	0.352995832
1.428508083	-118.2170094	52.50618482	-4.583860556	-0.17703948	1.024390679
-0.053415653	-83.59732106	8.836887702	-5.510848153	-0.130763474	0.25334599
-0.908285744	-157.5647555	2.459925149	-0.520990005	-0.178037554	1.046193723
-0.42484738	-188.9613705	14.88602981	-13.19535515	-0.317390545	0.662837643
0.864085827	-334.1091738	16.54261255	-16.5546517	-0.357704678	0.36354471
-0.778178087	-199.4642827	30.48753613	-19.50129159	-0.217174525	0.418462986
-0.261026899	-92.53208379	20.03069874	-46.07536218	-0.168632615	1.947063911
-0.565814647	-11.88270884	0.002060092	-23.95554118	-0.531643715	0.730471866
-0.800684984	-99.54905534	32.46883624	-22.26283248	-0.224866988	0.366686581
-0.846800584	-277.3676292	5.671531978	-3.356544246	-0.126553415	0.240995795
0.801330318	-120.100224	50.66204447	-23.41867212	-0.213896435	0.269329984
-0.617865852	-193.1571326	4.938577039	-80.66304109	-0.344265129	0.252898342
0.515943565	-90.44706315	46.54408102	-9.46157506	-0.239683742	0.318303542
-0.482350784	-117.7692019	21.33850633	-40.61060406	-0.119847377	0.402274536
1.808077971	-178.6490129	39.93252205	-56.20525203	-0.150372958	0.58075716
-0.232072919	-114.6305096	34.09391923	-13.07465687	-0.114810201	0.374023652
0.175575582	-140.9192097	14.40319777	-20.61106737	-0.18459402	0.721355075
-0.739693004	-357.2946485	9.19164772	-32.19536395	-0.160492383	-316.8704263
-0.376706751	-294.1222348	5.7768515	-49.30270679	-0.300785417	0.311305267
4.695152363	-48.2348305	43.17190204	-10.99688137	-0.146711204	0.673931623
3.197896424	-470.8129486	30.65281154	-16.79484689	-0.287273824	0.366727328
0.597935179	-40.48321456	8.686901255	-62.06979181	-1.35445656	3.640375043
4.693501387	-140.5079245	15.00872823	-25.60792909	-0.185736241	-0.681435583
-0.420552566	-43.7145168	25.49239439	-31.57180994	-0.092271746	0.530044576
-0.395991999	-34.11136767	58.10249499	-79.99289617	-0.135085062	1.808880703
0.793498869	-222.4545366	8.323555863	-12.14769216	-0.117705771	0.613212799
1.173987922	-647.4949057	17.09885645	-11.31088209	-0.1645666	0.427430554
1.522732091	-162.2337001	13.84276346	-35.95476734	-0.31502726	0.683138978
0.19518515	-45.5166799	3.253599967	-8.223990635	-0.227620499	0.492556078
-0.752888821	-77.81837833	30.97952067	-17.51424805	-0.239219817	0.78427871
-0.259550898	-525.1881508	14.92679082	-101.6213938	-0.278249205	1.107713531
-0.846785508	-245.8275946	13.28735007	-22.86317213	-0.140597503	0.567181921
8.190980323	-380.437262	6.50263323	-32.47721774	-0.71027293	0.33190691
0.466024988	-256.2740839	97.45461213	-7.684809968	-0.131594559	1.113038931
-0.307092428	-191.2583918	1.455394183	-25.38409383	-0.131709661	0.347815579
-0.321822785	-26.69251991	6.837237633	-34.2667491	-0.712183287	0.68651203
-0.782261681	-1672.284521	63.13018474	-3.914566282	-0.144540503	1.481904264
3.457350926	-58.17065599	34.47601114	-32.05236078	-0.081362464	0.379515715
-0.798845346	-182.0538972	19.38893225	-59.25035501	-0.300448851	0.366273125
-0.471698964	-1146.496325	5.435635119	-17.01934813	-0.132719061	0.315803947
-0.167305899	-188.0440213	18.54163009	-10.65454613	-0.376875739	0.385692451
2.276818183	-97.7347232	47.90787522	-64.24718543	-0.120017269	0.51097175
-0.736253981	-141.7398404	28.49392738	-14.10017011	-0.173928949	0.284008876
0.758146512	-201.1636866	58.30705872	-12.54368309	-0.100444505	0.63994391
-0.401844219	-274.7954644	5.069660352	-49.61002145	-1.604910218	0.522250635
5.334338987	-293.2497919	12.14513705	-40.23360292	-0.206351229	0.598910469
-0.61549927	-133.3745545	16.01919836	-33.27389134	-0.292463981	0.364223029
1.244191808	-40.77451875	23.48033994	-5.350296906	-0.226849684	0.615429676
-0.394440202	-65.52943178	52.31245667	-0.731488098	-0.3214128	0.377103349
-0.899209417	-595.5010624	27.13282763	-15.44508187	-0.400245069	1.769110593
0.079852108	-291.3687982	24.93793298	-0.28575391	-0.148452374	0.819106567
0.448701455	-273.8169874	26.07074662	-32.52950855	-0.575619788	0.436033475
-0.887238467	-108.374827	30.96705176	-71.65496532	-0.105796676	0.455808451
-0.311800244	-79.70909129	19.10366656	-83.23421107	-0.693779455	0.768699599
-0.380486809	-147.2148912	8.101191642	-22.4964188	-0.188564063	0.294850536
-0.291135158	-563.7746977	26.54067881	-9.30873098	-0.15153885	0.354728344
0.076294623	-35.58245369	12.27221185	-12.83316019	-0.147924486	0.47934171
-0.700277868	-52.6798778	25.24928733	-2.545554196	-0.244214557	0.435705925
-0.519752187	-220.2979353	11.27870865	-7.782277612	-0.190894122	0.577205359
0.306028654	-142.948056	25.24086252	-79.53716867	-0.126842507	0.310817981
0.319864033	-68.11566029	99.0471159	-0.950511421	-1.585785655	0.421835255
-0.480094734	-52.42078138	98.45044204	-14.10631276	-0.376678924	-1387.073876
4.592811799	-251.8006104	14.6152419	-12.30683507	-0.167751264	0.492183162
-0.381455302	-185.4124921	14.85722971	-54.73236226	-0.272802611	0.51271031
-0.217655138	-241.0266727	45.29202847	-31.48542241	-0.10976934	1.017515797
-0.297300487	-277.7275658	31.1606368	-16.54377077	-0.14245498	0.613183611
-0.140122271	-123.8995531	19.53762503	-17.58931611	-0.191699406	0.269108947
-0.317599241	-173.0542075	75.17240522	-39.08497253	-2.097631984	0.220490292
0.265910987	-299.9987888	12.08407881	-33.93502634	-0.196916265	0.323660375
-0.676243029	-383.3166425	16.9408784	-25.54426425	-0.246867718	0.642884876
-0.418185847	-57.19931073	20.37136786	-12.38046661	-0.213085111	0.334172681
-0.579592167	-417.379156	0.634659041	-34.35045519	-0.687133006	0.370257187
-0.870995143	-267.6189815	11.14498	-55.563688	-0.1539415	0.266126249
0.739973612	-492.0390994	28.16924322	-43.83354045	-0.531030592	0.740568592
1.082438758	-97.66861353	22.13318204	-61.42435798	-0.23141002	0.346386091
-0.61856047	-73.35627735	50.4796614	-51.9119458	-0.162753066	0.216490428
-0.192807825	-279.8746278	18.4843696	-11.50390186	-0.377436451	-9.828582454
0.408478584	-93.31895423	5.882719691	-6.472133967	-0.148170665	0.347483968
-0.189290853	-43.15473367	20.63231519	-6.996628406	-0.951955931	0.301020506
-0.234163806	-88.06050977	31.93118549	-30.30399176	0.291602657	0.401800888
1.583721406	-164.0607449	15.84153897	-35.28578915	-0.156374514	0.38846801
0.024970649	-69.94063891	33.61224894	-31.40236261	-0.132950092	0.802866728
-0.311770942	-406.5063903	17.09871737	-45.84671662	-0.241402234	0.790825687
-0.608131477	-131.082715	49.4583911	-60.21505213	-0.153553722	1.025778812
0.523821863	-52.57081074	36.01728297	-10.1710516	-0.652634833	3.562044667
-0.735636979	-138.7884305	8.25174541	-5.067369215	-0.216517975	0.41104214
-0.214516767	-137.1822895	49.52046474	-6.452770479	1.212775187	0.473752421
-0.79788751	-79.77425959	16.29753135	-5.167916084	-0.117047464	0.507482083
-0.558589906	-46.40807772	38.60407422	-26.61277154	-0.094520347	0.463592544
2.300282255	-878.912075	31.87586602	-11.06564783	-0.121624365	0.630444728
0.147173844	-53.41372675	38.16966167	-64.8445953	-0.20333638	0.265250539
1.383829505	-456.452908	60.37368508	-4.833634995	-0.204081259	0.424201306
-0.930762291	-87.29556719	37.83071205	-10.10748055	-2.213382805	0.50523893
0.259303554	-1625.286147	69.42058404	-0.306049863	-0.135663931	1.063496417
-0.549838782	-99.48404761	50.28828429	-24.85641744	-0.228948345	0.982227847
1.415479973	-376.7102983	33.54174481	-5.107542268	-0.330057924	0.799753091
-0.160066186	-81.50881613	35.17037447	-32.9863746	-1.309033103	0.404878598
0.922318508	-2830.45644	30.77852485	-62.3038036	-0.24386006	0.342901779
-0.838588398	-93.58588468	0.076714259	-54.80493378	-0.407694567	0.697327821
0.872128773	-294.1868099	18.77190882	-21.76523303	-0.26254241	0.862556272
-0.635623189	-202.3394762	31.99790331	-46.93051801	-0.742280265	0.787706595
2.961942664	-95.39724175	46.94664372	-16.85760952	-0.099376231	1.09185363
-0.245334022	-37.4338703	21.10797933	-30.97206008	-0.20193892	0.474016938
2.004969447	-71.48555052	40.00046801	-39.24029768	-0.121582983	0.310129625
-0.855936342	-89.99821338	35.96628013	-4.817899709	0.356493655	-1.649056472
-0.103240831	-891.9696402	24.25933684	-41.5896004	-0.274694597	0.520572044
-0.655570744	-118.4404633	52.04440711	-10.12216118	-0.33629801	0.302022515
2.189119017	-298.1072845	32.33649193	-12.93107755	-0.751189812	0.825412651
-0.131219607	-504.1067131	25.98056183	-13.5667626	-0.103736297	0.528500585
0.014248269	-78.11720618	8.54140642	-11.19557989	-1.325988698	0.357842639
-0.174133445	-80.93506222	2.606612415	-6.330111313	-0.167921297	0.422747529
-0.674402135	-153.4416165	18.03272124	-44.84392436	-0.132638153	0.429137411
0.177673142	-167.1393748	54.11909662	-0.127287097	-0.180682492	-3.486417916
-0.460091055	-108.8723306	30.0624871	-30.67943797	-0.421188553	0.629363271
-0.785566075	-9.295105744	54.45980867	-40.52254487	-0.127820072	0.55203385
0.082429552	-41.00238266	55.11241259	-32.30951101	-0.181430111	0.326748638
0.823269543	-132.5969564	37.02969526	-5.32776408	-0.552636932	0.431277146
-0.353267982	-395.698761	28.36143599	-13.56801635	-1.196382822	0.362588586
0.189490604	-76.06906059	42.34005157	-19.64241583	-0.088808745	0.350306448
-0.779517801	-86.21167978	10.62956834	-11.16359243	-0.337326086	1.816447959
-0.399289366	-80.4151001	17.65858379	-25.281462	1.764555495	0.39342273
3.890322538	-42.78187885	46.59665574	-11.50406565	-0.151520246	0.398760848
-0.606463814	-193.994967	12.35356546	-50.00479287	-0.168614423	1.408132126
1.260111577	-178.1432887	72.81737713	-22.73006665	-1.065533515	-11.45553563
-0.698226025	-115.1013074	81.25277144	-64.44739065	1.206462915	0.445596559
-0.883065837	-147.1937297	63.62935542	-7.765162434	-0.215003252	0.406999977
0.168417591	-259.9406195	29.69886611	-26.30128865	-0.118790397	0.764396416
1.846788307	-123.5271395	38.25312064	-7.431198481	-0.144751902	0.33061938
1.960106897	-225.2175542	8.335301731	-9.987213248	-0.283995083	1.582209922
0.090301958	-55.88934179	16.24752577	-101.9233382	-0.400410773	0.254009653
-0.090895136	-36.99618835	31.28384648	-18.8209429	-0.172022286	0.382358483
0.323300952	-32.57871986	27.88306438	-22.93003515	-0.182746533	0.286516057
3.703091196	-469.394388	2.110477059	-36.3000582	-0.145156099	0.355079705
-0.152481125	-595.1591612	18.70407055	-0.002988888	-0.262287779	0.426427287
0.037336501	-117.962744	46.17392146	-13.4463492	-0.129902822	0.41796327
1.809986433	-221.9981869	12.38903288	-28.46931826	-0.398793185	0.304328437
9.82241913	-131.122138	54.54904479	-35.57543759	-0.249478223	0.321023068
-0.693521144	-45.03484248	68.47227314	-34.52324831	-0.138457295	0.444064353
0.076924243	-348.3303287	52.07742829	-59.56410928	-0.125471855	0.246818183
-0.696448819	-65.61483739	11.31161026	-55.86121176	1.226220362	1.056221785
2.111564392	-83.02565399	48.20038011	-44.61924821	-0.187914426	1.435454597
-0.66053447	-193.7689609	20.75837747	-28.07940706	-0.146491448	0.22426731
0.945788527	-168.5470818	51.08899173	-45.54797832	-1.544337005	0.828784517
1.371148315	-100.2419378	10.33066826	-60.86521633	-0.155234263	0.278446867
0.042435687	-710.3393378	14.03438606	-15.37783263	-0.397538886	0.354419121
-0.692630853	-21.8250478	94.81595645	-69.71078675	-0.124057796	0.63664864
0.171704072	-54.40966362	9.457769863	-39.72991778	-0.151161386	0.496451354
-0.524993908	-28.08022054	30.46805407	-63.22681712	-0.136852132	0.625954346
-0.707635095	-55.92744067	14.76877188	-48.63214948	-0.186492081	0.476497775
-0.606156085	-177.524803	20.79805172	-40.96261215	-0.131735899	0.664845191
-0.302336214	-210.5333346	24.00163942	-25.13946735	-0.109390716	1.080153039
1.392141975	-20.2747176	16.27226598	-25.89728352	-0.091753692	0.372061313
2.947115985	-409.9998152	35.06254524	-29.55848802	-0.203466465	0.586147606
-0.325734458	-72.57765927	9.74147603	-36.23476659	0.57235963	0.551301935
-0.590581465	-254.0361475	21.02789686	-42.58583547	-0.196287111	0.605662882
-0.652027867	-356.3156478	22.70163619	-64.29569191	-0.178041005	0.426122615
-0.384758254	-205.8989552	7.217854495	-39.15820486	-0.220557554	0.980238778
-0.560609892	-47.04373643	16.97569042	-17.49616918	-0.149145415	0.428912372
-0.302679018	-223.9702197	15.35048663	-6.483584919	-0.124501467	0.675084358
1.659429063	-106.4254838	14.67399072	-42.46108644	-0.290187088	0.563953724
1.525119732	-204.7407847	43.67919641	-27.59187199	-0.242853194	0.663857815
3.364830655	-106.687966	22.72925582	-34.61352852	-0.161458901	0.485754171
-0.810655366	-431.8177225	10.89542105	-1.610628518	-0.298567285	0.409801369
-0.607473355	-76.00731255	24.2950849	-1.796174269	-0.189616518	0.87930396
-0.411847527	-137.9985039	3.382090225	-24.84320325	1.129786741	0.699785115
-0.283711425	-295.9731311	8.042131923	-7.8132661	-0.609644267	0.534486376
0.17078133	-83.93853127	35.28977597	-118.7130342	-0.983541831	2.484257995
-0.88153075	-23.85496401	19.20779126	-30.97380003	-0.409982431	0.531990632
-0.677010061	-51.66711364	17.77672626	-30.5872327	-0.342455619	0.273815704
0.247210827	-355.9076002	10.09098263	-18.2497526	-0.162683221	0.610504658
-0.421609975	-146.1462514	34.15732479	-28.77485935	-0.125844115	0.509996633
6.81355206	-92.81079172	66.28458659	-17.75807603	-0.354880568	1.111929952
-0.429567236	-45.51774304	13.29044917	-42.49365261	-0.497640425	0.599861442
1.259702525	-158.9858615	27.23862048	-0.435326537	-0.533352271	0.397224789
3.809981837	-59.91495665	21.54927811	-6.54918435	-0.266224108	0.358940213
-0.550875775	-93.5776738	13.8484791	-41.41235538	-0.233485959	0.463220966
0.828615694	-351.7096454	43.38867438	-30.40258778	-0.155018268	0.566310302
1.019286386	-440.5211108	0.123805151	-6.362508413	-0.247768506	1.213897115
-0.942162906	-71.3433426	42.28620423	-10.70485061	0.809410002	0.503357017
0.118795537	-61.90615475	0.477710338	-27.47184661	-0.211608989	0.432970583
-0.251212229	-144.0759292	69.82167607	-24.81530692	-0.116801138	0.616761606
-0.749699542	-161.5796359	2.565726884	-15.77562112	-0.116620744	0.339314642
-0.358384422	-49.65418727	51.38073567	-22.93058367	-0.379778995	0.448348185
1.653215174	-154.3226653	28.47626033	-44.5586508	-2.803709214	0.955582052
-0.144635755	-134.1704725	18.53260621	-46.85805577	-0.080813426	0.611651043
2.088495335	-756.7740948	37.48942617	-34.48948605	-0.221595149	0.730829419
-0.746735287	-219.0111496	2.916467588	-10.700208	-0.212420379	1.365110029
1.764741506	-128.6400047	18.34231011	-30.26308514	-0.159700464	1.153184248
12.02284166	-601.2648346	36.49240539	-5.84910699	-6.333859101	0.606501147
0.709842097	-301.2239571	16.76225101	-14.46061113	-0.355196549	0.795703157
0.094599126	-267.4526609	8.000764126	-23.7698976	-2.640802408	0.465393306
-0.302854352	-588.0051866	97.62272998	-38.8663928	-0.342381781	11.04769007
-0.384616488	-107.0946354	83.48090058	-19.05810984	-0.186687386	1.575564828
2.626706018	-51.03368328	31.29284175	-69.22802386	-1.103909176	0.296587595
-0.529451863	-187.4996047	28.06218569	-6.004449431	-0.147711621	0.609094913
0.448371647	-2065.384862	55.97191855	-18.67458952	-0.170414883	0.442810469
-0.325698092	-864.7821134	23.26974849	-6.835378829	-0.437186197	0.35718018
0.122228511	-153.9581179	36.00000768	-11.70471387	-0.17608812	0.518667397
2.122733066	-234.1000722	27.03071465	-33.3137997	-0.138040639	0.309662877
1.59528126	-95.85072486	46.37928561	-4.664962734	-0.122200303	0.354928746
1.880440727	-83.55522478	38.75324674	-8.603857845	-0.229281275	0.247200802
-0.310263567	-459.5860563	48.74783456	-42.79031809	-0.211905279	0.344992337
1.255922076	-44.1796199	22.27857809	-30.52311823	-0.210976803	0.254428164
0.605355595	-137.3296377	0.370244085	-47.06394983	-0.107245676	0.492097182
-0.416719576	-57.94427072	44.84370547	-33.69425415	-0.11939991	1.187817843
2.553470231	-302.9776762	10.50271054	-81.13127483	-0.133276385	0.325288388
-0.100135463	-405.952959	8.130017157	-35.50671028	-0.241663947	0.590312941
5.425883629	-57.09657652	44.98464154	-13.73940355	-0.163406054	0.402854046
-0.512894498	-188.1237595	22.68837113	-16.04060697	-0.161033941	0.267130792
0.463492231	-118.5356059	0.786842705	-3.031332176	-0.533338989	0.357247192
-0.513999778	-24.84584811	28.22493013	-9.283852934	5.407932636	1.993782089
-0.319494903	-75.85492839	77.62205475	-30.24238043	-0.144394113	0.284924172
-0.065691027	-91.99705943	38.66352997	-12.23763135	-2.426781535	0.365339748
1.399214715	-187.8597962	12.21210647	-40.43453469	-0.199798161	0.527081945
0.202861353	-103.5684909	57.83756765	-2.364751322	-0.17389056	0.752565485
-0.409559107	-248.9291412	48.5110962	-16.62478213	-0.149441042	0.509621919
1.390672501	-20.62177682	28.3228852	-6.061430219	-0.179588712	1.417699806
-0.875548519	-171.1124411	22.56270392	-27.93415551	-0.356959459	-4.168802053
2.087762618	-60.44073224	48.154849	-77.54309038	-0.125642385	0.819984167
3.139778304	-53.88148479	63.32240268	-37.37002065	-0.097886615	0.508935186
3.324896353	-181.9223458	24.78589031	-74.49165486	-0.130829494	1.293245423
-0.532487297	-100.6919516	44.041909	-55.80912771	1.203437928	-4.237409074
-0.191966761	-48.95142756	33.91331017	-31.64941452	-0.108710676	0.386455654
-0.566921267	-90.70491341	18.04570349	-38.53687421	-0.206960831	0.820008101
-0.859563395	-462.2505335	35.17270763	-15.79817468	-0.152097204	0.48873345
2.826934695	-115.9395084	32.21004844	-25.7494964	-0.145643093	-2.447316483
-0.06712436	-117.5142555	21.33604436	-16.42334585	-0.212316849	0.35761693
-0.481060137	-766.6866279	51.53937339	-57.51070274	-0.20945872	0.922708907
4.419614027	-894.3705561	26.218321	-35.41449579	-0.124108417	0.312139917
-0.345842683	-83.13089229	80.80611981	-46.6628414	-0.140157985	0.484026969
0.25264386	-54.98295101	92.05338059	-24.26957929	-0.12545813	0.452011807
-0.783819893	-65.53154353	10.40316957	-16.98386863	-0.082312791	0.435301963
-0.406587007	-163.0448082	18.93875192	-18.15171892	-0.14299508	0.528076409
-0.865976177	-37.0423617	25.92010417	-20.43154231	-0.177868104	0.377278474
0.853701143	-170.3490984	14.4920861	-26.56965969	0.612782897	0.255508562
0.278742606	-113.433235	18.47098465	-26.68926897	-0.076481005	0.432934422
-0.548731437	-323.8343	29.21386457	-37.8214675	-0.281533946	0.534402243
2.064427354	-66.14273488	2.392072717	-23.47349801	-0.082479641	0.559331658
0.227022202	-802.3218002	54.11579882	-14.49614723	-0.163293814	1.239386819
-0.047282143	-127.2835872	0.908620877	-11.54756067	-0.104001017	0.459692194
3.029651993	-89.1264487	23.53942052	-28.40427826	-0.214092922	1.692667832
-0.790793069	-242.7574838	2.441222433	-34.11584604	-0.153035952	1.102377511
-0.312374997	-83.31840014	28.90585932	-31.47109279	-0.177246073	0.29287895
-0.376544044	-45.59268746	44.49932222	-9.096223293	-0.225142171	2.149126657
4.967584171	-133.1414767	62.16055824	-22.46146976	-0.215572132	0.242064005
0.492310359	-61.27599046	3.926474175	-32.26970989	-0.124401272	0.370134472
2.565850054	-374.8666315	21.90752615	-13.81401904	-0.227498905	0.265605349
2.281942893	-6.400099607	36.29811847	-30.64042878	0.898434267	0.407715709
-0.201354738	-48.67820493	0.758039011	-46.97186254	-0.226637511	0.551872951
0.156797081	-135.2926674	5.435760766	-13.94810909	-0.151071737	0.271032787
1.357148522	-185.2403613	33.83987338	-1.521650675	-0.14599889	0.494991374
-0.106687367	-53.08232991	19.15069136	-37.78976319	-0.145991722	0.633235794
1.452387804	-42.30285331	53.12151136	-31.0164766	13.10537622	0.704237846
-0.955055677	-395.1735723	11.57491309	-16.06600364	-0.163767272	0.687576966
-0.487679635	-633.3043057	17.89471345	-9.546609062	-0.12652498	0.408321253
-0.297136845	-197.6043186	31.92184561	-23.86167718	-0.113253669	0.417579977
-0.202299982	-496.8526063	26.24204635	-26.3056176	-0.231207662	0.484397865
-0.951975549	-331.8358226	36.42929393	-21.21297248	-0.24787311	5.729679909
8.738687702	-288.5013174	15.98860929	-11.24398188	-0.105668999	1.13249833
1.558882485	-60.50113258	54.27068728	-41.49420119	264.2610219	-3.775684737
1.015802026	-794.9694622	17.71384633	-35.9706449	-0.271038697	1.282276313
1.256116837	-164.0679119	6.13E-05	-57.42908658	-0.156927085	0.259814903
-0.7791221	-150.1285607	10.26393135	-3.672812127	-6.817622284	0.283931351
-0.00109128	-564.9221059	21.43794477	-70.86605247	-0.171265617	0.784410706
1.995352022	-28.78624543	23.43618038	-26.22646244	-0.094041599	0.307910552
1.765296613	-306.642973	14.84787171	-43.04161373	-0.200488469	0.536793399
-0.666537155	-216.7860549	4.978418995	-44.3257349	-0.240116912	0.54957125
2.851885795	-103.1949668	55.01555842	-45.30680642	-0.15564844	0.327517029
1.791901152	-162.2661276	16.95186698	-39.03804127	-0.24022388	0.534548136
8.399008186	-351.930016	16.16580605	-65.72521716	-0.134404969	0.311654155
7.025540441	-246.36127	25.18838146	-58.70382843	-0.129646088	0.43605166
2.253998154	-269.1218368	12.50952224	-58.46749649	-0.199677521	0.98300302
-0.8187759	-324.021917	37.05979745	-26.22912963	-0.6803075	0.415554871
-0.059418039	-285.7958667	11.9579684	-32.55736213	-0.956628549	0.509340842
-0.396274547	-98.009238	7.129376694	-20.40878982	-0.310461828	0.673839668
1.38864742	-65.55523148	19.68639793	-24.07095829	-0.135278796	0.557625008
-0.058236802	-68.52384481	12.81965768	-34.02595582	1.143359536	0.497628153
3.60654791	-180.9453893	18.52045997	-16.32213249	1.517507155	0.380551864
-0.545695097	-57.57389441	24.22898956	-45.46747206	-0.329092372	0.48281237
1.202699138	-307.5679639	6.570476592	-81.46298415	-0.161728959	0.452728491
0.17409955	-176.3396729	43.17369381	-0.299396331	-0.442614606	1.3787033
-0.258780255	-27.69920791	44.76022892	-37.71865707	-0.130544092	0.551768474
-0.258349214	-193.7153576	55.00133592	-23.11997787	-0.166663614	0.528232555
-0.206095689	-62.76716866	16.60009408	-18.43627633	-0.222812371	0.609854422
-0.00561767	-444.1293906	43.74767616	-20.84837612	-0.134111459	0.626300383
0.676823205	-52.69612283	12.54786616	-10.88890244	-0.162203489	0.497419268
-0.79142186	-88.76023571	5.508622142	-9.492461038	-0.273060288	0.499430021
-0.140896894	-209.1571634	21.88844636	-47.48430598	-0.175643674	0.403964228
-0.680177626	-120.7963749	12.1360972	-24.37703582	-0.1440395	0.290770077
-0.758256258	-82.10459323	55.9033549	-13.1642671	-0.164775863	0.561582898
0.732321291	-83.05284836	86.83272694	-24.21112589	-0.330472611	0.5765861
-0.628296675	-24.87911069	36.8965335	-0.058385339	-0.132177108	0.243252626
-0.132063062	-111.6371216	51.97069684	-24.43295805	-0.118219957	0.628540959
0.094816902	-157.9909837	63.10462754	-28.69503111	-0.171561203	0.691785061
-0.170796665	-159.9185966	36.58971159	-28.40118428	-0.184083616	0.398162595
-0.432428546	-165.4212181	4.861911189	-49.36179415	-0.209506361	0.537066288
0.496196041	-525.6176672	12.18955648	-6.260607637	-0.087075796	0.40308077
0.518426922	-126.8877226	29.21259551	-14.35384596	-0.171557585	0.36056378
0.937658407	-28.21154903	13.50306608	-14.37948313	-0.220988717	0.208500472
-0.438740756	-304.7964486	18.00807423	-42.4655658	0.396235225	0.309628217
2.722582171	-170.270814	38.38443014	-14.57968831	-3.28780053	0.339815247
-0.064966845	-179.0376739	46.59325164	-0.405052416	-0.209776403	0.433505796
-0.76120678	-450.5598497	21.73130531	-13.58809131	-0.177971343	0.624162304
0.743997331	-156.8867709	23.18170911	-87.04177748	-0.171508424	0.487731626
0.666884673	-74.60835319	56.92206665	-18.80746307	-0.133967081	1.032136654
-0.153834296	-109.9403791	13.22841481	-4.488608601	-0.226370191	0.355530942
1.347678712	-108.3619072	21.63640789	-11.14105337	-0.115690309	0.380025506
-0.025883393	-53.19972416	15.30477681	-38.91516812	-0.447336851	0.304392995
-0.352581461	-128.5612502	42.46603838	-35.1878068	-0.727446342	1.000933858
-0.548725844	-95.80132513	21.92355212	-59.91294963	-0.76159057	0.575192928
2.885418106	-94.75236506	10.87801839	-9.646087767	-0.138372087	0.974529908
0.766509206	-1600.670081	32.78522981	-20.96392964	-0.210471364	0.558846352
0.913141836	-62.09261711	24.48450243	-86.73586676	-0.135695267	0.452056973
2.287676131	-197.4799868	29.70381847	-23.56717325	-0.238272199	0.353312461
-0.14758965	-543.4616282	59.47003666	-20.90157183	-0.310142559	0.434856455
0.54689004	-58.35849979	9.110963478	-22.95067009	-0.256743215	0.724515591
-0.319390427	-18.75425969	7.575913773	-11.60815167	1.792595057	0.523378377
0.138409423	-1656.442527	1.020703278	-52.93438426	-0.670621447	0.962778635
-0.494379394	-232.1155041	41.23812347	-28.55481394	-1.483908362	0.415423674
0.174601545	-43.94395672	42.1475146	-14.36556336	-0.122504479	0.389016275
0.15919758	-10.85160584	71.74152277	-11.88323618	-0.311719753	1.337276909
-0.015977564	-319.6168603	13.76107173	-49.7952224	-0.13571505	0.361654714
5.0540321	-87.97909913	14.00460924	-36.82430544	-0.104717834	0.34072326
0.486541152	-363.6814901	22.26282161	-30.60026844	-0.226005271	0.377089008
-0.053875345	-76.52767677	29.64274664	-10.68910701	-0.170892358	0.347448732
0.944850349	-132.9931185	1.383416179	-64.97793075	3.949407175	0.945745077
1.838382455	-22.26415627	52.9842835	-24.72621522	-0.393083203	0.903246961
-0.045689277	-1613.750171	25.19797352	-25.02322155	-0.193474322	0.300686371
-0.414594194	-66.39183206	28.35025971	-15.21262512	-0.169570255	0.366532693
-0.606305561	-532.4822047	38.60002687	-0.863810663	-0.367403161	0.590093582
-0.067255859	-432.6948726	35.24216703	-38.27013444	-0.076601486	0.384846261
0.063869284	-409.9902056	28.01186952	-4.077854734	-0.275875038	0.262336888
-0.689180031	-183.3254826	20.77839288	-47.40213294	-0.192576905	0.457013251
0.043081106	-121.8899088	10.79971416	-23.56322536	-0.14389782	0.626438533
-0.226530575	-6357.151481	3.428750636	-40.11594355	-0.203171751	0.704902568
6.612584939	-38.32756959	51.65128949	-19.19330815	-0.325807417	1.178884493
-0.114528991	-334.4606568	16.3705975	-147.1934073	-0.122911775	0.453446569
0.242117143	-268.4406576	32.92228895	-7.90719195	-0.101557527	0.398363868
0.228256857	-596.7871898	4.919644191	-19.60281568	-0.203627913	0.460390789
-0.230796318	-282.4920382	27.99852136	-1.482510611	-0.149548318	0.425058432
-0.515118513	-90.36968615	13.03969376	-20.11298257	-0.212415133	0.540908295
0.348544872	-139.5085463	5.665968263	-25.62148739	-0.124233392	0.404753991
-0.607616132	-63.00763862	34.07886942	-31.89867269	-0.65295555	0.853244895
-0.437704883	-124.9297269	15.81351064	-14.61800112	-0.083594003	0.562378471
-0.652088349	-72.80386693	85.65300837	-55.0645345	-0.313537982	0.510037452
-0.068669477	-932.7770895	49.16047158	-44.49214019	-1.603973346	0.300992206
0.042138092	-160.7787723	16.890287	-20.79669226	-0.253341157	-16.8330992
-0.878736175	-224.1517313	17.72126379	-0.084285624	-0.18381929	0.234015264
-0.865889727	-136.3490588	60.24859555	-20.80549566	-0.101308258	0.769479763
-0.633440737	-525.8241223	48.5618051	-41.66039382	-0.129305401	0.324753366
-0.577646196	-463.9765742	53.28835582	-28.9856632	-0.184251124	0.576439385
5.000462516	-441.0899608	31.35827159	-34.60924164	-1.202574334	0.583652675
0.41922527	-30.34792966	28.92671466	-57.81813265	-0.41633936	0.534783929
-0.772457917	-224.8614	20.54091048	-45.6879598	-0.221722351	-2.285658502
-0.76237738	-314.8937761	19.78552075	-17.6118348	-0.078994692	0.205058468
-0.178813109	-118.7366884	55.11906601	-33.06707641	1.722110821	0.442895526
0.112324268	-679.4726251	14.02636111	-0.410308482	-0.119144581	0.374520171
3.930939695	-127.7983115	31.88265372	-13.54921834	-0.292543314	0.711462114
0.490213031	-39.19431382	35.7723618	-45.46496137	-0.100020277	0.782789165
0.05666578	-21.0957143	83.28250812	-36.91076671	-0.631952233	0.298175752
-0.130907355	-246.2711875	31.82408731	-21.64586061	-0.184132571	0.358413694
6.092463002	-55.86396148	15.9378893	-35.84118358	-0.587769513	0.320695478
-0.325920198	-57.5047703	5.882353451	-41.64788027	-0.129692447	0.593599652
0.135195953	-110.1188983	11.0394498	-27.36644937	-0.10580512	1.504157893
0.369019093	-160.886624	58.99273572	-23.72066796	-0.092147528	0.718152648
-0.840910207	-23.97756698	27.18816672	-31.81946776	-0.13526671	0.272959835
-0.825607386	-276.5638542	19.89836561	-0.515456766	-0.094968577	2.324296162
0.956974791	-455.8757315	11.0470118	-25.52945816	-0.114426011	0.265312647
1.060068529	-61.46453499	46.26839983	-15.51254483	-0.21718473	0.662479151
-0.60456429	-23.42354846	15.72833261	-43.37950148	-0.155494111	2.311139192
0.480888132	-41.40121418	20.42521658	-53.34566767	-0.479842451	1.1590878
-0.056865246	-407.086229	26.40973158	-37.48512566	-0.22500258	0.425566396
-0.561613653	-126.8100376	51.60286988	-6.942467913	-0.115434903	0.583654174
0.24427425	-908.3647268	42.01382491	-38.14746827	-0.150969547	-1.691700704
-0.358626823	-130.5010393	7.284006413	-27.97283112	-0.156934824	0.612781359
-0.389377301	-635.2131039	36.56892688	-46.3366786	-0.530333237	0.280038518
1.725870159	-256.5410734	3.301232716	-42.1105632	-0.313827854	0.603338025
3.128908046	-361.7918184	28.28817753	-39.90434307	-0.369524302	0.281683016
2.982930434	-130.6709464	26.94023113	-28.09189113	-0.161658288	0.759537545
-0.218415369	-136.49787	60.45459828	-11.35329151	-0.492980668	0.364953615
-0.719646448	-304.71171	30.73825233	-38.99598292	-0.14956348	0.605168958
0.300242581	-84.76056546	13.92470184	-30.91997793	-0.605784969	0.343908284
-0.135754845	-91.18128701	32.11797191	-28.76238647	-0.095368965	6.618058479
-0.651328034	-580.7806255	17.87878098	-2.836278292	-0.15669624	0.453795855
-0.92640628	-109.0505965	47.04006922	-7.312471594	-0.345185965	0.297898177
-0.421925182	-71.66272042	55.17791567	-1.019236189	-0.174729324	0.865399552
-0.72664059	-843.4565411	23.51555563	-0.410118668	-0.253637131	0.273447239
3.470110423	-148.9121327	55.11060875	-18.2608275	-0.163573923	0.626799675
0.104569203	-33.74077783	31.16671247	-93.02668008	-0.174501854	0.695416296
0.056473946	-210.9241999	67.88828548	-36.5643465	-0.510814588	1.122861088
-0.145393623	-271.4821865	10.37436925	-29.0593745	-0.380798848	0.389311233
-0.545592226	-65.26437398	17.18427146	-16.86198512	-0.16952655	1.1192476
-0.517387747	-175.4025625	48.6323729	-27.08410432	-0.100835363	1.703395336
1.227071814	-884.2470701	12.72769313	-15.71534413	-0.121155567	0.572494405
-0.015839403	-149.3655852	8.852985364	-39.76107828	-0.319867183	3.888352472
2.077768453	-231.2298029	48.37780932	-18.28578562	-0.133729731	0.898630544
0.573847941	-222.9977582	27.00815777	-28.42266326	-0.20600314	0.253177666
-0.896749086	-159.2941443	3.670386407	-83.5263605	-0.169378388	0.488490666
1.887262956	-423.6183875	19.04552323	-3.013881201	-0.172977926	0.35002266
0.551494331	-253.4216329	6.554366171	-3.727234217	-0.07857713	2.645111967
-0.537623054	-150.6873991	46.19844965	-18.59315861	-0.692456724	-5.677316823
0.470601241	-286.5294732	14.90531339	-22.19229255	-0.188581056	0.337887556
-0.627774377	-255.8099412	28.28082493	-1.620026357	2.941766001	0.476642743
-0.631895415	-555.6765146	100.4710958	-1.865179732	-0.147721228	0.276118393
-0.70449736	-292.7790966	33.40892241	-24.4735146	-0.120629802	0.328563067
-0.923205191	-34.92972941	34.99715928	-39.72042124	-0.107100934	-4.504621243
-0.664687651	-90.77229795	6.478655988	-60.15975827	1.289597485	0.312218139
-0.345643156	-241.1001364	58.97069391	-10.89270799	-0.160299864	1.018511434
1.823818831	-176.8807381	9.492424568	-33.819107	-0.10224834	0.522865916
-0.054008384	-126.22013	11.98110015	-30.41688695	-0.266102359	0.442384733
-0.127090895	-187.1513826	33.38712106	-65.1995919	-0.229171286	0.759057271
0.518575934	-88.06884062	31.76692904	-44.94863773	-0.204482739	0.811039307
-0.12798665	-329.3865811	46.43083322	-35.13141684	-0.164067395	0.497079851
2.13993859	-446.7505799	17.94737088	-76.98323849	-0.142949455	0.440564298
1.933622108	-143.4763408	51.91874793	-13.91301488	-0.111688633	2.482942319
1.775656649	-84.13530221	62.57912847	-11.03565995	-0.212154896	0.265105197
0.470620559	-124.2049081	13.7405576	-5.545301218	-0.178928194	0.298779672
-0.393958104	-43.2762419	37.71362401	-7.468537613	-0.080231106	0.599047481
-0.565683996	-135.0374686	40.15158085	-45.8478663	-0.158899228	3.250687535
-0.474583376	-27.59913912	32.68224009	-18.47271552	-0.179653865	0.330599356
-0.752079642	-884.9528747	28.29950238	-23.1179042	-1.027463457	0.248885063
0.274141631	-482.8316521	9.441211477	-58.39972921	-0.199657861	1.133168875
-0.865719826	-361.8025195	79.07590763	-2.491153062	-0.230626161	0.462452211
0.481122097	-214.45071	7.387994573	-14.48109505	-0.201334343	1.839979621
-0.602725462	-739.3466585	8.522933414	-34.03498063	-0.305460372	0.666621861
-0.76245707	-165.147697	99.72148	-75.71835158	-0.340187772	0.380447508
-0.635996267	-328.6261631	55.70463714	-23.52935813	-0.352400664	1.816774379
0.276489709	-55.90337014	58.60510698	-15.43086085	-0.229542777	1.106976213
1.615007403	-75.35633756	1.029413695	-28.44935111	-0.109837027	0.607156615
-0.827423298	-702.8406795	26.04754251	-9.615981078	-0.122740653	0.686145582
3.389241797	-181.4347521	21.08969545	-1.913321063	-0.255097183	0.495556868
-0.158027873	-263.286125	25.58151031	-5.22511564	17.31620813	0.531021843
-0.804172974	-27.99972203	12.98209875	-31.87237097	-0.405473945	27.45155347
-0.303582556	-129.8336882	4.313548932	-44.57698382	-0.275731361	1.388402969
0.545337947	-268.9406558	5.931877729	-35.32094371	-0.188291506	0.465796914
0.527612791	-94.19444961	29.09174328	-28.30046796	-0.331985674	0.405180356
-0.800220922	-222.7973209	22.14111004	-46.46184534	-0.090743755	0.289903542
3.246942	-112.9018132	40.77381053	-6.943075005	-0.239051593	0.38655183
-0.380338863	-172.0469253	82.48848357	-29.73483085	-0.736286703	0.50615261
4.764268966	-349.8921235	41.30862248	-28.30958907	-0.218521214	0.383748866
-0.499271447	-80.59135363	13.04947659	-32.8781039	-0.504065984	1.109122962
-0.19661793	-101.840309	14.25295565	-6.667188313	-0.182866602	-3.506857
-0.44880395	-147.9710829	79.66965353	-14.61353974	-0.175410874	0.569494643
-0.743726681	-159.1583935	65.31032237	-37.39481672	-0.164832552	0.586148823
-0.548566445	-686.333593	28.76934699	-15.93082814	-7.439080111	0.84842303
-0.680413385	-88.99752121	41.94389827	-71.2887272	-0.176611861	-4.088720256
-0.555020584	-198.8487856	8.100864881	-4.117136425	-0.168595675	1.577008962
-0.333068621	-66.26499291	41.27372522	-25.92335744	-1.357451339	0.286348982
-0.627169704	-171.5584042	33.58788797	-38.22169905	-0.127127851	1.130471373
4.861549171	-56.20038311	34.31829601	-22.574423	-0.136007927	0.505651811
-0.310710148	-62.59671192	78.49160088	-35.65884946	-0.084041678	0.602762945
-0.105788016	-261.3568664	19.26295066	-83.59208148	-0.182811715	0.271261078
1.009553914	-160.0923446	34.49123406	-42.5046608	-0.194544937	0.466402439
-0.784159019	-54.41054358	44.65507008	-26.40774016	-0.189044583	0.248309585
-0.537057225	-98.74969039	36.54044858	-40.11383108	-0.19196442	0.328402318
2.512981747	-89.0986822	42.89165857	-36.99645797	1.833455079	2.210142275
0.574170463	-67.74630697	10.28238071	-46.42567156	74.7318476	0.474314319
-0.868364838	-68.56091635	47.75790097	-57.81622389	-0.209758683	0.406816704
1.210382204	-120.6774951	65.54675029	-34.28307895	-0.307050067	0.730753458
-0.844012676	-263.6118332	20.89424632	-20.64219199	-0.193640476	0.619494038
-0.441212648	-191.7698094	51.18679898	-13.18501635	0.749835906	0.493186283
-0.720885799	-120.67157	40.06282037	-27.37631113	-1.984500116	13.86468681
-0.235565837	-425.049037	46.09857973	-44.39530498	-0.589779238	-7.151706971
-0.588683107	-71.90930933	11.77989847	-19.24841072	-0.125656956	0.780508931
0.793491296	-634.6695312	21.60280219	-21.51588055	-0.586671993	0.410456516
0.255615547	-102.0900196	4.782771174	-44.82069034	-0.384399804	0.319611228
0.243332786	-549.0569553	9.58962231	-157.0538577	-0.190853482	-2.350724038
-0.663821967	-302.7667364	51.6194069	-54.729601	-0.24803058	0.560642282
1.118564179	-154.5222841	61.88342518	-20.10724145	-0.183848824	0.919690174
-0.565930595	-272.0584901	31.51773904	-42.36644861	-0.083926512	0.711529739
2.529475902	-56.38884774	3.0951742	-66.6772151	-0.614934678	0.3343427
2.546068266	-131.8922017	29.41022727	-16.64706113	-0.244882502	0.249103745
-0.451567499	-491.1148922	50.34079198	-10.58779017	-0.28987846	0.598867825
2.330681449	-60.99754658	14.94196484	-19.1696746	-0.104852728	0.488149332
0.91662645	-898.0422786	26.71143582	-25.34533156	-0.37153379	3.995927189
-0.741908716	-294.6050395	0.016522715	-21.852683	-0.210360716	0.210341624
-0.21239802	-1152.222452	43.39950268	-7.710014177	-0.13584371	0.507983023
3.028620977	-214.2950793	57.70400211	-41.49729864	-0.548176974	0.368909232
0.278740998	-89.70266714	35.98650998	-1.253708089	-0.100345918	0.406272123
5.351545498	-234.4853894	9.92E-07	-34.76875403	-0.142302423	1.350184269
-0.891418624	-35.10557577	36.79622552	-25.43700514	-0.562625833	0.462139665
-0.588382215	-46.00283124	16.87573793	-17.68791816	-0.15714046	1.46280641
-0.230124985	-403.40639	4.455041401	-12.9752551	-0.229353665	0.476307192
-0.730524817	-36.43196419	77.63462414	-2.142911392	-0.168359059	0.433041216
-0.764726389	-120.0402202	64.16697392	-42.76519656	-0.211413165	0.970993945
5.66746493	-293.1413138	12.65177402	-11.29438515	-0.121779716	1.599900682
1.650325283	-166.7078046	39.66908113	-30.34238338	-1.056302126	0.485302893
-0.218712646	-97.47226199	1.477612953	-82.82900418	-0.291362565	0.476141893
-0.051356703	-24.41341504	23.35910349	-17.91922983	-0.235159774	0.474709201
